# solver=1.6.0
# cpu=AMD EPYC 7H12 64-Core Processor
# isolated_core=5
# strategy=basic
# n_solutions=1
# solve_time=0.00060
0
0
33
4 3
5 2
6 2
5 2
30 2
2 2
2 2
2 2
1 2
30 2 2
4 2 2 2
5 4 3
6 2 1 1
5 2 2 1
29 2 1
2 1
2 1
2 2
2 2
32 2
4 2
5 2
6 2
5 3
30
0
0
---
4 4 4
5 5 5
6 6 6
6 6 6
1 4 1 4 1 4
1 3 1 3 1 3
1 1 1 1 1 1
1 1 1 1 1 1
1 1 1 1 1 1
1 1 1 1 1 1
1 1 1 1 1 1
1 1 1 1 1 1
1 1 1 1 1 1
1 1 1 1 1 1
1 1 1 1 1 1
1 1 1 1 1 1
1 1 1 1 1 1
1 1 1 1 1 1
1 1 1 1 1 1
1 1 1 1 1 1
1 1 1 1 1 1
1 1 1 1 1 1
1 1 1 1 1 1
1 1 1 1 1 1
1 1 1 1 1 1
1 1 1 1 1 1
1 1 1 1 1 1
1 1 1 1 1 1
1 1 1 1 1 1
1 1 2 1 1 1
1 1 2 2 1 1
1 2 3 2 2
2 2 2 2 1
1 2 3 2 2
2 4 2 2
2 2 2
2 2 2
2 3 2
8 2
13