# solver=1.6.0
# cpu=AMD EPYC 7H12 64-Core Processor
# isolated_core=5
# strategy=basic
# n_solutions=1
# solve_time=0.00030
2
4
2 4 1 3
13 1 1 2
1 2 1
11 1
1 2 1
2 1 1 2 1
21
1 1 1 1 1 1 1 1 1 1 1
2 3 3 3 3 2
29
2 2 2 2 2 2
2 1 1 1 1 1 1 1 1 1
3 1 1 1 1 1 1 1 3
1 2 2 2 2 2 1
22
1 1 1 1 1 1 1 1 1 1 1
30
0
---
1
2 1 1
2 2 1
1 3 1
1 1 2 1
1 1 2 1
1 4 2 1 1
1 1 3 4
1 3 2 2 1
1 4 2 2 3
1 1 4 1 1
1 1 2 2 2 3
4 2 2 2 1
2 1 1 3 4
1 2 5 2 1 1
4 1 2 3
1 2 1 2 1 1
1 1 3 4
1 5 2 1
2 1 2 2 3
4 1 1 1
2 2 2 3
5 2 1
9 3 4
2 2 1 2 1 1
2 1 2 4
2 4 3 1
2 1 1 3
1 5 1
2 1