# solver=1.6.0
# cpu=AMD EPYC 7H12 64-Core Processor
# isolated_core=5
# strategy=basic
# n_solutions=1
# solve_time=0.00020
5 3 1 2 1 3 5
4 3 3 4
3 3 12 3 3
2 3 1 1 3 2
1 3 1 1 8 1 1 3 1
3 1 1 1 1 1 1 3
3 1 1 1 1 1 1 3
3 4 1 8 1 4 3
2 1 1 2
1 26 1
1 1 1 1
1 1 4 1 6 1 4 1 1
1 1 1 1 2 2 1 1 1 1
1 1 1 1 1 2 1 1 1 1 1
1 1 1 1 1 1 4 1 1 1 1 1 1
1 1 1 1 1 1 4 1 1 1 1 1 1
1 1 1 1 1 2 1 1 1 1 1
1 1 1 1 2 2 1 1 1 1
1 1 4 1 6 1 4 1 1
1 1 1 1
1 26 1
2 1 1 2
3 4 1 8 1 4 3
3 1 1 1 1 1 1 3
3 1 1 1 1 1 1 3
1 3 1 1 8 1 1 3 1
2 3 1 1 3 2
3 3 12 3 3
4 3 3 4
5 3 1 2 1 3 5
---
5 3 1 2 1 3 5
4 3 3 4
3 3 12 3 3
2 3 1 1 3 2
1 3 1 1 8 1 1 3 1
3 1 1 1 1 1 1 3
3 1 1 1 1 1 1 3
3 4 1 8 1 4 3
2 1 1 2
1 26 1
1 1 1 1
1 1 4 1 6 1 4 1 1
1 1 1 1 2 2 1 1 1 1
1 1 1 1 1 2 1 1 1 1 1
1 1 1 1 1 1 4 1 1 1 1 1 1
1 1 1 1 1 1 4 1 1 1 1 1 1
1 1 1 1 1 2 1 1 1 1 1
1 1 1 1 2 2 1 1 1 1
1 1 4 1 6 1 4 1 1
1 1 1 1
1 26 1
2 1 1 2
3 4 1 8 1 4 3
3 1 1 1 1 1 1 3
3 1 1 1 1 1 1 3
1 3 1 1 8 1 1 3 1
2 3 1 1 3 2
3 3 12 3 3
4 3 3 4
5 3 1 2 1 3 5