# solver=1.6.0
# cpu=AMD EPYC 7H12 64-Core Processor
# isolated_core=5
# strategy=basic
# n_solutions=1
# solve_time=0.00020
3 2 2 3 1 1
1 1 1 1 1 1 1 1
3 1 1 1 3 1 1
1 1 1 1 1 1 1
3 1 1 1 1 3 3
0
3 2 2 3 1 1
1 1 1 1 1 1 1 1
3 1 1 1 3 1 1
1 1 1 1 1 1 1
3 1 1 1 1 3 3
0
0
0
3 3 3 1 3 3
1 1 1 1 1 1 1 1
1 1 1 1 1 1 1 2
1 1 1 1 1 1 1 1
1 1 3 1 1 3 3
0
3 3 3 1 3 3
1 1 1 1 1 1 1 1
1 1 1 1 1 1 1 2
1 1 1 1 1 1 1 1
1 1 3 1 1 3 3
---
0
0
3 1 3 1 5 5
1 1 1 1 1 1 1 1
1 3 1 3 5 5
0
5 5 5 5
1 1 1 1 1 1
2 2 5 5
1 1
5 5 1 1
5 5
5 5 1 1
1 1 1 1
5 5 5 5
0
5 5 5 5
1 1 1 1 1 1
1 1 1 1 1 1
0
5 5 5 5
1 1 1 1 1 1 1 1
1 1 1 1 1 1
0
0