# solver=1.6.0
# cpu=AMD EPYC 7H12 64-Core Processor
# isolated_core=5
# strategy=basic
# n_solutions=1
# solve_time=0.00060
1
1
2
2 1 1 1
60
1 2 3 3 3
1 2 4 4 4
1 2 1 3 1 3 1 3
1 2 1 2 1 2 1 2
60
1 2 1 1 1 1 1 1
1 2 1 1 1 1 1 1
3 1 1 1 1 1 1
3 1 1 1 1 1 1
60
2 1 1 1 1
2 1 1 1 1 1
2 4 3 1 3 1 3 1 1
2 1 1 2 6 6 6 1
60
2 2 1 5 5 5 1
2 1 2 3 3 3 1 2
2 1 2 2 1 3
2 1 2 1 1 1 1
60
5 1 1 1 1
1 2 3
1 1 2
1 1
2
---
1 1 1 3 1
1 1 1 7 1
1 1 4 1 4
1 1 2 2 3
1 1 2 1 2 2
29
3 1 3 1 1 2 1
2 1 2 1 3 3 1 1
8 1 2 4 1
1 5 1 4 1
1 1 1 1 1
1 1 1 1 1
1 1 1 1 1
1 1 1 3 1
1 1 1 5 1
1 1 1 5 1
1 1 1 5 1
1 1 1 3 1
17 1
3 1 1 1 1
4 1 1 1 1
1 4 1 1 1
1 6 1 1 1
1 1 2 1 1
1 1 1 1 1
1 1 1 3 1
1 1 1 5 1
1 1 1 5 1
1 1 1 5 1
1 1 1 3 1
17 1
3 1 1 1 1
4 1 1 1 1
1 4 1 1 1
1 6 1 1 1
1 1 2 1 1
1 1 1 1 1
1 1 1 3 1
1 1 1 5 1
1 1 1 5 1
1 1 1 5 1
1 1 1 3 1
17 1
3 1 1 1 1
4 1 1 1 1
1 4 1 1 1
1 6 1 1 1
1 1 2 12
1 1 1 1 1 1 2
1 1 1 1 1 2
1 1 1 1 4
1 1 1 1 1
1 1 1 1 1
1 1 1 1 3
1 1 1 1 1 1 1
1 1 1 1 1 1 1
1 1 1 1 1 1 1
1 1 1 1 3
1 1 1 1 1
1 1 1 1 1