# solver=1.6.0
# cpu=AMD EPYC 7H12 64-Core Processor
# isolated_core=5
# strategy=basic
# n_solutions=1
# solve_time=0.00070
5
5 2
2 1 4
1 1 5
1 2 1 4
2 4 1 2 3
6 2 3 1 3
4 10 3
10 3
12 4
4 4 4
3 4 3
3 3 3
1 2 3 3
2 3 6
3 2 5
5 3 3
6 4 2
2 3 6 3
2 1 5 2 1 2
4 1 2 1 2 2
7 2 1 1 3
3 2 5 5
3 6 5
5 3 4
2 2
3 2 2
2 3 5 3
8 3 1 2 3 2
2 9 12
---
2 1
5 3 4
3 2 4 4
2 2 6 1
5 2 3 2 4 1
2 4 4 1 1 1
1 3 3 4 1 1
2 4 2 1 2
1 6 2 2
13 1
6 6 3
6 8
5 8
6 6 1
3 4 1
4 3 3
5 3 1
6 2 1
4 3 3
6 2 3
6 1 1
5 2 1
4 1 4 1
3 7 3
8 3 1 10
17 7
17 1
4 7 1
2 2
2