# solver=1.3.0
# cpu=AMD EPYC 7H12 64-Core Processor
# isolated_core=5
# strategy=basic
# solve_time=0.00318
1 1
2 2
3 3
2 1 1 2
2 1 1 2
1 1 1 1
1 1 1 1
18
2 1 1 1 1 2
1 1 1 1 1 1
1 1 1 1 1 1
26
2 1 1 1 1 1 1 2
2 1 1 2 2 1 1 2
2 1 1 2 2 1 1 2
14 14
1 1 1 1
1 1 1 1
14 14
2 1 1 2 2 1 1 2
2 1 1 2 2 1 1 2
2 1 1 1 1 1 1 2
26
1 1 1 1 1 1
1 1 1 1 1 1
2 1 1 1 1 2
18
1 1 1 1
1 1 1 1
2 1 1 2
2 1 1 2
3 3
2 2
1 1
---
1 1
2 2
3 3
2 1 1 2
2 1 1 2
1 1 1 1
1 1 1 1
18
2 1 1 1 1 2
1 1 1 1 1 1
1 1 1 1 1 1
26
2 1 1 1 1 1 1 2
2 1 1 2 2 1 1 2
2 1 1 2 2 1 1 2
14 14
1 1 1 1
1 1 1 1
14 14
2 1 1 2 2 1 1 2
2 1 1 2 2 1 1 2
2 1 1 1 1 1 1 2
26
1 1 1 1 1 1
1 1 1 1 1 1
2 1 1 1 1 2
18
1 1 1 1
1 1 1 1
2 1 1 2
2 1 1 2
3 3
2 2
1 1