# solver=1.6.0
# cpu=AMD EPYC 7H12 64-Core Processor
# isolated_core=5
# strategy=contra
# n_solutions=1
# solve_time=0.00410
6
9
2 2
2 2
2 2
20 2
12 2 6 2
22 2
1 3 2
1 14 3 2
1 1 2 1 3 4
1 1 1 3 3 2 2
1 1 1 2 1 1 3 2 2
1 1 3 1 1 1 3 2 2
1 1 3 1 3 1 3 2 1
1 1 3 3 1 3 2 2
1 1 3 1 3 2 2
1 1 1 3 2 2
1 14 3 2 2
1 3 2 2
1 3 3 3 3 3 2 2
1 1 1 1 1 1 1 1 1 3 2 2
1 3 3 3 3 3 2 2
1 3 2 2
1 9 3 2 2
1 2 2 3 2 2
1 2 2 3 2 2
1 2 5 2 3 2 1
1 1 7 1 3 2 1 1
1 1 2 2 1 3 2 3 1
1 1 2 2 1 3 2 6
1 1 2 2 1 3 2 6
1 1 7 1 3 2 5
1 2 5 2 3 2 1 3
1 2 2 3 1 3 1
1 2 2 3 6
1 2 2 3 6
1 7 3 6
1 3 3
21 1
---
34
3 1
3 1
3 10 3 7 1
3 1 1 1 1 2 2 1
3 1 2 1 3 2 2 1
3 1 2 1 2 2 1
3 6 1 3 1 5 2 1
3 2 2 1 1 1 1 7 1 1
3 1 2 1 3 1 2 2 1 1
3 1 5 1 1 2 2 1 1
3 1 1 1 3 1 2 2 1 1
1 1 1 2 1 1 1 1 7 1 1
4 1 2 1 3 1 5 2 1
5 1 5 1 2 2 1
2 1 1 1 1 1 3 2 2 1
2 3 10 1 1 2 2 1
1 3 3 7 1
2 3 1
2 35
2 35
2 33
2
2
2
2
2 21
2 26
2 2 3
2 2 5
4 7
4 5
3 3
2
3 3
2 5
9 7
9 5
2 3
6