# solver=1.6.0
# cpu=AMD EPYC 7H12 64-Core Processor
# isolated_core=5
# strategy=contra
# n_solutions=1
# solve_time=0.00580
0
1 1 1 1 1 1 1 1 1 1 1 1 1 1 1 1 1 1
1 1 2 1 2 1 2 1 2 1 2 1 2 1 2 1 2 1 1
1 1 1 1 1 1 1 1 1 1 1 1 1 1 1 1 1 1
0
1 1 4 3 4 1 1 3 1 1 4 4
1 2 1 1 1 1 1 1 1 1 2 1 1 1
1 1 1 1 1 1 4 1 1 3 1 1 1 1 1 1
2 1 1 1 1 1 1 1 1 2 1 1 1 1
1 1 4 3 4 4 1 1 1 4 4
0
1 2 2 2 2 2 2 2 2 1
1 1 1 1 1 1 1 1 1
1 2 2 2 2 2 2 2 2 1
0
4 4 1 1 3 1 1 4 3 4 1 1
1 1 1 2 1 1 1 1 1 1 1 1 2 1
1 1 1 1 1 1 3 1 1 4 1 1 1 1 1 1
1 1 1 1 2 1 1 1 1 1 1 1 1 2
4 4 1 1 1 4 4 3 4 1 1
0
1 1 1 1 1 1 1 1 1
3 3 3 3 3 3 3 3 3
1 1 1 1 1 1 1 1 1
0
1 1 4 3 4 1 1 3 1 1 4 4
1 2 1 1 1 1 1 1 1 1 2 1 1 1
1 1 1 1 1 1 4 1 1 2 1 1 1 1 1 1
2 1 1 1 1 1 1 1 1 2 1 1 1 1
1 1 4 3 4 4 1 1 1 4 4
0
5 1 1 5 1 1 5 1 1 5 1 1 5
3 3 3 3
5 1 1 5 1 1 5 1 1 5 1 1 5
0
4 4 1 1 3 1 1 4 3 4 1 1
1 1 1 2 1 1 1 1 1 1 1 1 2 1
1 1 1 1 3 2 1 1 4 1 1 1 1 1 1
1 1 1 1 1 1 1 1 1 1 1 1 1 2
4 4 1 1 1 4 4 3 4 1 1
---
1 5 1 1 5 5 1 1 5
1 1 1 1 1 1 1 1 1 1 1
1 1 1 1 1 3 1 1 1 1 1
1 1 1 1 1 1 1 1 1 1 1
1 5 1 1 5 1 1
1 1 1 5 5
1 1 5 1 1 1 5 3 1 1
1 1 1 1 1 1 3 1 1 1 1 1
1 1 1 1 5 1 1 1 3 5
1 5 1 1 5
1 1 1 5 1 1 5
1 1 1 1 1 1 1 1 1 1 1
1 5 1 1 3 5 1 1 1
1 1 1 1 1 1 1 1 1 1 1
1 1 1 5 1 1 5
1 1 1
1 1 1 3 5 1 1 3 3 5
1 1 1 1 1 1 1 3 1 1 1 1 1 1
1 1 1 1 1 1 1 1 1 1 1 3 1
1 3 1 1 1 3 1
1 1 1 5 1 1 5
1 1 5 1 1 5 1 1 1
1 1 1 1 3 1 1 1 1
1 1 1 5 1 1 1 1 5
1 5 1 1 5 1 1
1 1 1 3 1 3 1
1 1 1 1 1 1 1 1 1 3 1 1 1
1 1 1 1 1 1 1 3 1 1 1 1 1 1
1 1 5 1 3 1 5 3 1 3
1 1 1
1 5 1 1 5 1 1
1 1 1 1 1 1 1 1 1 1 1
1 1 1 5 3 1 1 1 5
1 1 1 1 1 1 1 1 1 1 1
1 5 1 1 5 1 1
1 1 1 5 5
1 1 5 1 1 1 5 3 1 1
1 1 1 1 1 1 3 1 1 1 1 1
1 1 1 1 5 1 1 1 3 5
1 5 1 1 5
1 1 1 5 1 1 5
1 1 1 1 1 1 1 1 1 1 1
1 1 1 1 1 3 1 1 1 1 1
1 1 1 1 1 1 1 1 1 1 1
1 5 1 1 5 5 1 1 5