# solver=1.6.0
# cpu=AMD EPYC 7H12 64-Core Processor
# isolated_core=5
# strategy=basic
# n_solutions=1
# solve_time=0.00010
40
1 4 4 1
1 3 2 24 1 1
2 2 2 2 1 2 1 1 1 2 1 2
2 2 3 1 1 1 1 1 3 1 4 2
1 4 3 1 1 1 1 1 1 1 3 1 1
1 3 3 1 1 1 1 3 1 1 4 2 1
1 1 1 3 2 2 2 1 1 1 2
1 4 24 2 1
2 5 4
40
---
11
1 2 2
1 1 1 1
1 6 1
1 5 2
2 1 3
4 1 3
4 4
2 3
1 5 1
1 7 1
1 1 5 1
1 1 1 1
1 1 5 1
1 2 2 1
1 1 3 1 1
1 2 2 1
1 2 2 1
1 1 3 1 1
1 2 2 1
1 1 5 1
1 1 1 1
1 1 5 1
1 1 1 1 1
1 1 1 1 1 1
1 1 1 1 1
1 7 1
1 1 1 1
1 7 1
1 1 1 1
1 1 1 1 1 1
1 1 3 1 1
1 7 1
1 7 1
2 2
4 3
2 2 3
2 1 2
1 2 1 1
7 1