# solver=1.6.0
# cpu=AMD EPYC 7H12 64-Core Processor
# isolated_core=5
# strategy=basic
# n_solutions=1
# solve_time=0.00050
19
1 1
1 7
1 5 7 2 1 1
1 1 1 1 1 2 1 1
1 1 2 1 2
1 1 1 1 1 2 8
1 5 7 2 1 3
1 2 2 1 1
1 2 1 1 2
21 1 3 1 2
1 2 2 2 2
1 3 3 2 3 2
1 2 2 2 2 2 2 2 1
3 3 12 5
2 2 2 2 2 2
3 3 3
---
15
1 1 1
1 1 3
1 5 1 2 2
1 1 1 1 1 1
1 1 1 1 2 2
1 1 1 1 3
1 2 2 1 1
1 1 3
1 1 2 2
1 2 2 1 1 1
1 1 1 1 2 2
1 1 1 1 3
1 1 1 1 1
1 1 1 1 1
1 1 1 1 1
1 2 2 1 1
1 1 1
1 1 1
14
13
1 1
10 1
1 1 1 1 3
1 1 1 2 2
2 1 1 1 1
1 1 1 2 2
2 1 3
7 1
2 1
1 4 1
7