# solver=1.6.0
# cpu=AMD EPYC 7H12 64-Core Processor
# isolated_core=5
# strategy=basic
# n_solutions=1
# solve_time=0.00020
29
29
24 2
23 3 1
3 1
23 3 1
3 1
23 3 1
3 1
23 3 1
3 1
23 3 1
3 1
23 3 1
3 1
2
29
29
29
29
29
28
28
27
23
---
4 1 1 1 1 1 9
4 1 1 1 1 1 9
4 1 1 1 1 1 9
4 1 1 1 1 1 9
4 1 1 1 1 1 9
4 1 1 1 1 1 9
4 1 1 1 1 1 9
4 1 1 1 1 1 9
4 1 1 1 1 1 9
4 1 1 1 1 1 9
4 1 1 1 1 1 9
4 1 1 1 1 1 9
4 1 1 1 1 1 9
4 1 1 1 1 1 9
4 1 1 1 1 1 9
4 1 1 1 1 1 9
4 1 1 1 1 1 9
4 1 1 1 1 1 9
4 1 1 1 1 1 9
4 1 1 1 1 1 9
4 1 1 1 1 1 9
4 1 1 1 1 1 9
4 1 1 1 1 1 9
3 8
2 12 8
2 12 8
2 12 8
3 8
21
0