# solver=1.6.0
# cpu=AMD EPYC 7H12 64-Core Processor
# isolated_core=5
# strategy=contra
# n_solutions=1
# solve_time=0.00240
0
3
1 1
2 1
2 1
1 1 4
2 1 1 1
1 1 1 1
2 1 2 1
4 1 3 2
1 3 1 1
2 2 1 1
1 2 2 2
4 1 1 8
2 2 1 1 1 3
2 1 1 1 3 4
2 1 2 3 1
2 10 3 1
2 3 1
24 1
2 2 1
2 2 2
2 2 2
2 2 2
2 2 2
2 4
2 3
23
0
0
---
9
10
3 1
2 1 1
2 1 1
2 1 1
3 2 1 1
1 3 1 1
1 1 1 1
2 2 2 1 1
3 1 2 1 1 1
3 4 1 1 1
2 2 1 1 1
3 4 1 1 1
1 1 1 1
9 1 1 1
1 4 1 1 1
5 1 1 1
4 2 1 1
1 2 1 1
1 1 1 1
5 4 9
5 10
1 3 2
1 3 2
1 3 2
4 2
3 2
9
0