# solver=1.6.0
# cpu=AMD EPYC 7H12 64-Core Processor
# isolated_core=5
# strategy=basic
# n_solutions=1
# solve_time=0.00030
5 5 5 3 3 3 1 1 1 5
1 1 1 1 1 1 2 2 1 1 1 1 1 2 1
1 1 1 1 1 1 3 1 1 1 1 2 1 1
1 1 1 1 1 1 1 1 1 1 2 1 1
1 1 1 1 1 1 1 1 1 2 1
1 1 1 1 1 1 1 1 3 1
1 3 1 1 1 1 1 1 1 1 2 3
1 1 1 1 1 1 1 1 1 1 2 1
1 1 1 1 1 1 1 1 1 1 2
5 5 1 1 1 3 4 1 1 1
---
10
1 1
1 1 1
1 1 1
3 4
0
10
1 1
1 1
1 1
10
0
1
1
10
1
1
0
0
0
0
0
10
1
2
2
2
2
2
1
10
0
0
1 1
10
1 1
0
10
1
1
1
0
10
1
3
2 2
2 2
3 2
0
0
3
2
1
1 2 1
1 1
7
0
0
0
0