# solver=1.2.0
# cpu=AMD EPYC 7H12 64-Core Processor
# isolated_core=5
# strategy=basic
# solve_time=0.00661
9 9
2 1 1 2 1 1
1 1 1 1 1 1 4
5 1 1 5 1 1 1 2
1 1 1 1 1 1 1 2
1 1 1 1 1 1 2 4
1 1 1 1 1 1 2 1 2
1 1 1 1 1 1 1 2 2
1 14 6 2
1 2 6
1 1 1
2 1 1
17 8
2 2
52
---
1
3
1 1
1 1
1 1
1 1
1 1
1 1
1 1
1 1
1 1
1 1
1 1
1 1
3 1 1
2 1 1 1
1 1 1 1
1 1 2 1
1 9 1
1 1
1 1
9 1
1 1 1
9 1
1 1
1 1
1 1
1 1
1 1
1 1
3 1 1
2 1 1 1
1 1 1 1
1 1 1 1
1 6 1
1 1
1 1
9 1
1 1 1
9 1
1 1
3 1
2 2 1
4 1 1
1 1
2 1
3 1
2 3 1
3 1 1 1
1 1 1 1 1
2 1 1 1
2 1 1 1
3 3
2 2
3