# solver=1.6.0
# cpu=AMD EPYC 7H12 64-Core Processor
# isolated_core=5
# strategy=basic
# n_solutions=1
# solve_time=0.00020
3 2 4 2 4 2 4 2 4 2 1
2 2 2 2 2
2 2 2 2 2
2 4 2 4 2 4 2 4 2 4
2 4 2 4 2 4 2 4 2 4
2 2 2 2 2
2 2 2 2 2
3 2 4 2 4 2 4 2 4 2 1
3 2 4 2 4 2 4 2 4 2 1
2 2 2 2 2
2 2 2 2 2
2 4 2 4 2 4 2 4 2 5
2 4 2 4 2 4 2 4 2 5
2 2 2 2 2
2 2 2 2 2
3 2 4 2 4 2 4 2 4 2 1
3 2 4 2 4 2 4 2 4 2 1
2 2 2 2 2
2 2 2 2 2
2 4 2 4 2 4 2 4 2 4
2 4 2 4 2 4 2 4 2 4
2 2 2 2 2
2 2 2 2 2
3 2 4 2 4 2 4 2 4 2 1
3 2 4 2 4 2 4 2 4 2 1
2 2 2 2 2
2 2 2 2 2
2 4 2 4 2 4 2 4 2 4
2 4 2 4 2 4 2 4 2 4
2 2 2 2 2
---
1 4 2 4 2 4 2 4
1 4 2 4 2 4 2 4
1 2 2 2
2 2 2 2
2 2 4 2 4 2 4 2
2 2 4 2 4 2 4 2
2 2 2 2
1 2 2 2
1 4 2 4 2 4 2 4
1 4 2 4 2 4 2 4
1 2 2 2
2 2 2 2
2 2 4 2 4 2 4 2
2 2 4 2 4 2 4 2
2 2 2 2
1 2 2 2
1 4 2 4 2 4 2 4
1 4 2 4 2 4 2 4
1 2 2 2
2 2 2 2
2 2 4 2 4 2 4 2
2 2 4 2 4 2 4 2
2 2 2 2
1 2 2 2
1 4 2 4 2 4 2 4
1 4 2 4 2 4 2 4
1 2 2 2
2 2 2 2
2 2 4 2 4 2 4 2
2 2 4 2 4 2 4 2
2 2 2 2
1 2 2 2
1 4 2 4 2 4 2 4
1 4 2 4 2 4 2 4
1 2 2 2
2 2 2 2
2 2 4 2 4 2 4 2
2 2 4 2 4 2 4 2
2 2 2 2
1 2 2 2 2