# solver=1.6.0
# cpu=AMD EPYC 7H12 64-Core Processor
# isolated_core=5
# strategy=contra
# n_solutions=1
# solve_time=0.00500
2 2
2 2
2 7 2
2 4 4 2
2 2 2 2
2 2 3 2 2
2 2 7 2 2
2 1 2 2 1 2
2 2 2 2 2 2
2 1 2 1 2 1 2
2 1 1 1 1 1 2
2 1 1 1 1 1 2
2 1 1 1 1 1 2
2 1 1 1 1 1 2
2 1 2 1 2 1 2
2 2 2 2 2 2
2 1 2 2 1 2
2 2 7 2 2
2 2 3 2 2
2 2 2 2
2 4 4 2
2 7 2
2 2
2 2
2 2
---
25
25
0
8
3 3
2 2
2 6 2
2 2 2 2
1 2 2 1
2 2 2 2
2 1 1 2
1 2 2 1
1 2 6 2 1
1 2 2 1
2 1 1 2
2 2 2 2
1 2 2 1
2 2 2 2
2 6 2
2 2
3 3
8
0
25
25