# solver=1.6.0
# cpu=AMD EPYC 7H12 64-Core Processor
# isolated_core=5
# strategy=basic
# n_solutions=1
# solve_time=0.00050
0
3 3
6 3 3
8 3 3
4 3 3
4 3 3
3 3 3
3 5 3 3 3 4 4 3
3 7 7 9 6 3
3 3 3 5 4 3 2 3 3
3 3 3 3 3 3 3 3 3
3 3 3 3 3 3 10 3
3 3 3 3 3 3 10 3
3 3 3 3 3 3 3 3
3 3 3 3 3 3 3 3
4 3 3 3 4 3 3 3
9 7 3 9 8 3
7 5 3 2 5 7 3
0
---
0
6
10
12
3 4
3 2
3 3
2 2
2 2
2 2
2 2
2 2
1 2
0
0
5
7
9
3 3
2 2
2 2
2 2
3 3
9
7
5
0
0
0
11
11
11
2
3
2
2
0
17
17
16
2 3
2 2
2 2
2 2
3 3
9
7
5
0
5
7
9
2 2 3
2 2 2
2 2 2
3 2 2
5 2
4 2
3 2
0
0
0
17
17
17
0