# solver=1.6.0
# cpu=AMD EPYC 7H12 64-Core Processor
# isolated_core=5
# strategy=basic
# n_solutions=1
# solve_time=0.00020
27
1 2 2 2 2 2 2 2 2 1
27
3 6 6 3
1 1 1 2 1 1 2 1 1 1
3 6 6 3
27
1 2 2 2 2 2 2 2 2 1
27
9 9
1 2 2 1 1 2 2 1
9 9
3 3 3 3
1 1 1 1 1 1 1 1
3 3 3 3
9 9
1 2 2 1 1 2 2 1
9 9
27
1 2 2 2 2 2 2 2 2 1
27
3 6 6 3
1 1 1 2 1 1 2 1 1 1
3 6 6 3
27
1 2 2 2 2 2 2 2 2 1
27
---
27
1 2 2 2 2 2 2 2 2 1
27
3 6 6 3
1 1 1 2 1 1 2 1 1 1
3 6 6 3
27
1 2 2 2 2 2 2 2 2 1
27
9 9
1 2 2 1 1 2 2 1
9 9
3 3 3 3
1 1 1 1 1 1 1 1
3 3 3 3
9 9
1 2 2 1 1 2 2 1
9 9
27
1 2 2 2 2 2 2 2 2 1
27
3 6 6 3
1 1 1 2 1 1 2 1 1 1
3 6 6 3
27
1 2 2 2 2 2 2 2 2 1
27