# solver=1.6.0
# cpu=AMD EPYC 7H12 64-Core Processor
# isolated_core=5
# strategy=contra
# n_solutions=1
# solve_time=0.01140
24 24 7 7 24
1 1 1 3 3 1 1
1 1 1 3 3 1 17
1 1 1 3 1 1
1 24 1 1 1 24
0
1 2 2 3 3 3 1 1 1 1 1 1 1 1 1 1 1 1 2 2 2 3 3 1 1 1 1 1 1 3
1 1 1 1 1 1 1 1 1 1 1 1 1 1 2 2 2 1 1 1 1 1 1 1 1 1 1 1 1 1 1 1 1 1 1 1 1 1
3 2 1 1 2 2 1 2 3 1 1 2 1 1 1 1 1 2 1 1 2 1 2 2 3 1 1 1 1 1 1 1 1 1 1 1
1 1 1 1 1 1 1 1 1 1 1 1 1 1 1 1 1 1 1 1 1 1 1 1 1 1 1 1 1 1 1 1 1 1 2 2 1 1 1
1 1 2 2 3 1 3 1 1 1 2 1 1 2 1 1 1 1 1 1 2 1 1 3 1 3 1 1 1 1 1 1 3
---
1 4
1 1 1
1 4
1
1 5
1 1 1 1
1 1 1
1
1 5
1 1 1
1 3
1
5 5
1 1 1 1
1 1 1
1
1 5
1 1 1
1 1
1 3
1 1 1
1 1 1 1
1 1 3
1
5
1
1 1 5
1 1
1 1 1 3
1 1
1 1 1
1 1 1 3
1 1
1 1 5
1 1 1
1 1 2 2
1 1
1 1 5
5 1
1 1
1 1 5
1 1 1
1 1 1
1 1 1
1 1 5
1 1
1 1 5
1 1 1
1 1 1
1 1 5
0
5 3
1 1 1
1 3
1
1 5
1 1 1
2 1
1
2 3
1 1 1
2 1 1 1
2 3
2 1
1 4
2 1 1
1 1 2
2
1 3 1
1 1 1 1
1 1 3
1
1 1
5 5
1
5 4
1 1 1 1
1 1 1 4
1 1 1
1 1 1 4
1 1 1 1
1 1 1 4
1 1 1
1 1 1 5
1 1 1 1
1 1 1 1
1 1 1 1
1 1 1 5
1 1 1
1 1 1 1 1
1 1 1 2
1 1 1 1 1
1 1 1
1 1 4
1 1 1
1 1
1 1 1 2
1 1 1 1 1
1 1 2 1