# solver=1.6.0
# cpu=AMD EPYC 7H12 64-Core Processor
# isolated_core=5
# strategy=backtrack
# n_solutions=36
# solve_time=0.28100
4 1 1 3 4
1 2 1 1 1 1
3 1 1 1 1 1 4
1 1 2 1 1 1
4 1 1 3 4
0
4 1 1 3 4
1 2 1 1 1 1
3 1 1 1 1 1 4
1 1 2 1 1 1
4 1 1 3 4
0
4 1 1 3 4
1 2 1 1 1 1
3 1 1 1 1 1 4
1 1 2 1 1 1
4 1 1 3 4
0
0
0
0
4 1 1 3 4
1 2 1 1 1 1
0
0
0
3 1 1 1 1 1 4
1 1 2 1 1 1
4 1 1 3 4
0
---
5 5 5 2 3
1 1 1 1 1 1 1 1 1 1 1 1
1 1 1 1 1 1 1 1 1 1 1 1
1 1 1 1 1 1 1 1
0
0
5 5
1 1 2 3
1 1 1
1 1 1
5 5 1
2 3
0
5 5
1 1 1
1 1 1 2 3
3 1 1 1
5 1 1
1 2
0
5 5
1 1 1 1 2 1 1
1 1 1 1 1 1 1
3 3 1 1 1
1 3
0
3 1 3 1 3 1
1 1 1 1 1 1 1 1 1
1 1 1 1 1 1 1 1 1
1 3 1 3 1 3