# solver=1.6.0
# cpu=AMD EPYC 7H12 64-Core Processor
# isolated_core=5
# strategy=contra
# n_solutions=1
# solve_time=0.00060
60
1 1 1 1 1 1 1 1
1 5 4 2 3 4 3 3 1 1 1
1 3 1 1 2 1 1 1 1 1 1 1 1 1 1
1 3 1 1 1 1 1 1 1 1 1 4 1
1 5 3 1 1 1 3 1
1 3 1 4 1 1 1
1 3 1 1 1 1 1 1 1
1 3 4 1 1 3 4 1
1 5 1
1 2 2 3 1
1 3 4 4 1 3 1
3 2 9 1 4 3 1
2 1 1 7 1 5 1 3 1
2 1 1 5 3 1 1 1 1 3 1
1 3 3 1 1 1 1 1 1 1 1 1 1 1
1 1 1 1 1 1 1 1 1 1 3 1 1
1 2 2 1 5 1 1 1 1
1 3 1 1 1 1 3 1
60
---
20
1 3 1
1 2 1 1
1 1 3 1
1 2 1 1
1 3 1
1 7 1
1 7 1
1 7 2 1
1 1 1 4 1
1 1 1 5 1
1 2 5 1
1 5 1
1 7 5 1
1 1 1 1 5 1
1 1 1 1 4 1
1 1 1 2 1
1 3 1
1 5 1 3
1 2 1 3 2
1 2 1 1 3
1 5 3 1
1 1
1 5 1
1 1 1 1
1 1 1 9
1 1 1 1
1 1 1 1
1 5 1
1 7 1 1 1
1 1 1 1 1 1 1
1 1 1 1 1 1 1
1 1 1 5 1
1 1
1 2 1
1 3
1 1
1 3
1 2 1
1 1
1 8
5 1 1 1
1 1 1 1 1
5 1 1
1 1
5 1
1 1 1 1
5 6 2
1 1 8 2
5 6 2
1 1 1 1
4 1
1 1
1 1
1 1
1 1
1 1
1 1
1 1
20