# solver=1.6.0
# cpu=AMD EPYC 7H12 64-Core Processor
# isolated_core=5
# strategy=basic
# n_solutions=1
# solve_time=0.00010
25
1 1
1 1 1 3 1 1 3 1
1 1 1 1 1 1 1 1 1
1 3 2 1 1 1 1 1
1 1 1 1 1 1 1 1 1
1 1 1 3 3 3 3 1
1 1
25
1 3 1 1 1 5 2
1 3 1 1 1 2 1 5 2
1 1 1 1 1 1 1 3 2
1 1 1 1 1 1 1 2 3 1 2
1 1 1 2 1 1 2
25
1 1
25
1 2 2 2 2 1
1 1 1 2 2 1
25
---
20
1 1 1 1 1
1 5 1 2 1
1 5 3 1 2 1
1 1 5 1 1 1
1 5 1 1 1 2
1 7 1 1
1 5 1 1 2 1
1 1 1 1 1 3 1 2 1
1 1 1 1 1 1 1
1 7 1 2
1 5 1 1 1 1
1 1 1 1 3 2 1
1 1 1 1 2 2 1
1 1 1 1 1 1
1 5 7 1 2
1 1 1 1 1 2
1 1 5 1 1 1
1 5 1 2 1
1 5 7 2 1
1 1 1 3 1 1 1
1 5 3 1 1 1 2
1 1 1 1 2
1 7 1 1
20