# solver=1.6.0
# cpu=AMD EPYC 7H12 64-Core Processor
# isolated_core=5
# strategy=backtrack
# n_solutions=12
# solve_time=0.05180
1 1
2 2
55
2 2
1 5 1
1 1 5
1 1 1 1 5
1 1 1 1 1 1 5
1 1 1 1 1 1 1 1 1
1 1 1 1 1 1 1 1 3 1
5 1 1 1 1 1 1 5 3 5
1 5 1 1 1 1 1 5 1 1
1 1 1 5 1 1 1 1 1 3
1 1 1 2 5 1 1 1 5
1 1 1 1 1 1 1 1 1 1 1
1 1 1 1 1 1 1 1 1 1 1
1 1 1 1 1 1 1 1 1 3 1
1 1 1 1 1 1 1 1 1 1 1
1 1 1 1 1 1 1 1 1 1
1 1 1 1 5 1 1 1
1 1 3 5 1 1
1 3 1 1
1 1 5
5 3
1
1 1
2 2
55
2 2
1 1
---
1 1
3 3
5 5
1 1
1 14 1
1 1 1 1
1 1 1 1
1 1 1 1
1 7 1
1 1
1 14 1
1 1 1 1
1 1 1 1
1 1 1 1
1 14 1
1 1
1 14 1
1 1 2 1
1 1 1 1 1
1 1 1 1 1
1 7 4 1
1 1
1 14 1
1 1 1 1
1 1 1 1
1 1 1 1
1 14 1
1 1
1 1 1 1
1 2 2 1
1 14 1
1 2 2 1
1 1 1 1
1 1
1 1 1 1
1 2 2 1
1 14 1
1 2 2 1
1 1 1 1
1 1
1 14 1
1 1 1 1 1
1 1 1 1 1
1 1 1 1
1 1 1 1
1 1
1 1 1 1
1 2 2 1
1 14 1
1 2 2 1
1 1 1 1
1 1
5 5
3 3
1 1