# solver=1.6.0
# cpu=AMD EPYC 7H12 64-Core Processor
# isolated_core=5
# strategy=basic
# n_solutions=1
# solve_time=0.00020
50
1 3 3 1 3 3 3 1 3 3
1 3 3 1 3 3 3 1 3 3
1 3 3 1 3 3 3 1 3 3
1 3 3 1 3 3 3 1 3 3
1 3 3 1 3 3 3 1 3 3
1 3 3 1 3 3 3 1 3 3
1 3 3 1 3 3 3 1 3 3
1 3 3 1 3 3 3 1 3 3
1 3 3 1 3 3 3 1 3 3
1 1 1 1 1 1 1 1 1 1
1 1 1 1 1 1 1 1 1 1
1 1 1 1 1 1 1 1 1 1
1 1 1 1 1 1 1 1 1 1
1 1 1 1 1 1 1 1 1 1
1 1 1 1 1 1 1 1 1 1
1 1 1 1 1 1 1 1 1 1
1 1 1 1 1 1 1 1 1 1
1 1 1 1 1 1 1 1 1 1
50
---
20
1 1
1 1
1 1
10 1
20
10 1
1 1
1 1
10 1
20
10 1
1 1
1 1
1 1
20
1 1
1 1
1 1
10 1
20
10 1
1 1
1 1
10 1
20
10 1
1 1
1 1
10 1
20
10 1
1 1
1 1
1 1
20
1 1
1 1
1 1
10 1
20
10 1
1 1
1 1
10 1
20
10 1
1 1
1 1
1 1