# solver=1.6.0
# cpu=AMD EPYC 7H12 64-Core Processor
# isolated_core=5
# strategy=contra
# n_solutions=1
# solve_time=0.00050
0
1 1
25
2 2
1 2 2 1
3 3
31
29
2 2
1 2 2 1
4 4
33
2 3 4 4 3 2
3 1 2 1 2 2 5 2 2 1 2 1
2 1 2 1 2 2 5 2 2 1 2 6
3 2 1 2 2 5 2 2 1 2 1 1
1 1 2 1 2 2 5 2 2 1 2 1 3
35 2
1 2 2 2 2 1 1
1 2 2 2 2 3
1 2 2 2 2 2
1 2 2 2 2 2
38
1
1
---
1
2
2 12
2 1 1 1
3 8 1
3 4 1 1
6 1 5 2
4 3 1 5 3
2 2 2 1 2 1
1 2 9 1
1 2 2 2 1
1 2 1 5 2
1 2 1 5 3
1 2 2 1 2 1
1 2 9 1
1 2 8 1
1 2 2 1 1
1 2 1 5 1
1 2 1 5 1
1 2 1 5 1
1 2 1 5 1
1 2 1 5 1
1 2 2 1 1
1 2 8 1
1 2 9 1
1 2 2 1 2 1
1 2 1 5 3
1 2 1 5 2
1 2 2 2 1
1 2 9 1
2 2 2 1 2 1
4 3 1 5 3
6 1 5 2
3 4 1 1
3 8 1
2 1 1 1
2 6 1
1 1 2 1
1 7
1 1 2