# solver=1.6.0
# cpu=AMD EPYC 7H12 64-Core Processor
# isolated_core=5
# strategy=basic
# n_solutions=1
# solve_time=0.00060
1 8 8 1
1 1 1 1 1 1
1 1 4 1 1 4 1 1
1 1 1 1 1 1 1 1 1 1
1 1 2 1 1 1 1 2 1 1
1 1 2 1 1 1 1 2 1 1
1 1 1 1 1 1 1 1
1 6 1 1 6 1
1 1 1 1
10 10
1 1 1 1 1
10
1 1 1 1 1
10
1 1 1 1 1
10
1 1 1 1 1
10
1 1 1 1 1
10
10 10
1 1 1 1
1 6 1 1 6 1
1 1 1 1 1 1 1 1
1 1 2 1 1 1 1 2 1 1
1 1 2 1 1 1 1 2 1 1
1 1 1 1 1 1 1 1 1 1
1 1 4 1 1 4 1 1
1 1 1 1 1 1
1 8 8 1
---
10 10
1 1
8 1 1 8
1 1 1 1 1 1
1 4 1 1 1 1 4 1
1 1 2 1 1 1 1 2 1 1
1 1 1 1 1 1 1 1
1 6 1 1 6 1
1 1 1 1
10 10
2 3 3
3 3 1
2 3 3
3 3 1
2 3 3
3 3 1
2 3 3
3 3 1
2 3 3
3 3 1
10 10
1 1 1 1
1 6 1 1 6 1
1 1 1 1 1 1 1 1
1 1 2 1 1 1 1 2 1 1
1 4 1 1 1 1 4 1
1 1 1 1 1 1
8 1 1 8
1 1
10 10