# solver=1.6.0
# cpu=AMD EPYC 7H12 64-Core Processor
# isolated_core=5
# strategy=contra
# n_solutions=1
# solve_time=0.00970
3 5 3
1 1 1 1
1 3 1 1 3 1
1 5 1 1 5 1
1 3 1 1 1 1 3 1
1 5 1 1 5 1
1 3 1 1 3 1
1 1 1 1
9 9
1 1
5 1
1 5
5 1
1 5
5 1
1 5
7 1
7 7
1 1 7
1 1 1 1
1 1 1 1
1 1 1 1
1 1 1 1
1 1 1 1
1 1 1 1
1 1 1 1
1 1 1 1
1 1 1 1
1 1 1 1
4 7 4
---
1 1
1 1
9 1
1 14
3 1 1 1 1 2
5 1 1 1 1 2
5 10
2 2 1 1 1 1 2
3 1 1 1 1 2
1 14
9 1
1 1
1 1
1 1
9 1
1 13
3 1 1 1 1 2
2 2 1 1 1 1 2
5 11
5 1 1 1 1 2
3 1 1 1 1 2
1 13
9 1
1 1
1 1