# solver=1.6.0
# cpu=AMD EPYC 7H12 64-Core Processor
# isolated_core=5
# strategy=basic
# n_solutions=1
# solve_time=0.00060
1 1 1 1 1 1 1 1 1 1 1 1 1
1 3 3 3 3 3 3 3 3 3 3 1
1 1 1 1 1 1 1 1 1 1 1 1 1
1 1
1 3 1
1 5 1
1 1 3 1 1
1 1 2 1
1 3 1 4 1
1 3 1 2 2 1 1
1 1 12 6 1 1 1
1 1 1 2 1 1
1 1 8 1 6 1 1
1 1 8 1 6 1 1
1 1 1 8 1 2 1 1 1
1 1 8 1 2 1 1
1 1 8 1 2 3 1 1
1 1 8 1 2 3 1 1
1 1 2 8 4 3 1 1 1
1 1 8 3 3 1 1
1 30 1
1 1
1 1 1 1 1 1 1 1 1 1 1 1 1
1 3 3 3 3 3 3 3 3 3 3 1
1 1 1 1 1 1 1 1 1 1 1 1 1
---
1 1 1 1 1 1 1 1
1 3 3 3 3 3 1
1 1 1 1 1 1 1 1
1 1
1 1
1 1
1 1 1 1
1 1
1 1 1
1 1 1
1 1 1 1 1
1 1 1
1 1 1
1 1 1
1 1 3 1 1
1 9 1 1
1 1 1 1
1 1 1 9 1
1 1 3 9 1 1
1 3 9 1
1 3 9 1
1 1 9 1
1 1 1 9 1 1
1 3 9 1
1 1 9 1
1 1 1 1
1 1 9 1 1 1
1 1 3 1
1 2 9 1
1 1 9 1
1 1 1 1 2 1 1 1
1 4 1 2 5 1
1 10 5 1
1 3 6 5 1
1 1 1 1 1 1 1
1 13 1
1 1 1
1 1 1
1 1 1 1
1 1
1 1
1 1
1 1 1 1 1 1 1 1
1 3 3 3 3 3 1
1 1 1 1 1 1 1 1