# solver=1.6.0
# cpu=AMD EPYC 7H12 64-Core Processor
# isolated_core=5
# strategy=contra
# n_solutions=1
# solve_time=0.00150
2 2 2 2 2 2 2 2 2 2 2
40
2 2 2 2 2 2 2 2 2 2
2 2
2 27 2
2 1 1 1 1 1 1 1 1 1 1 1 1 1 1 2
2 1 1 1 1 1 1 1 1 1 1 1 1 1 1 2
2 31 2
2 1 1 1 1 1 1 1 1 1 1 1 1 1 1 1 2
2 31 2
2 1 1 1 1 1 1 1 1 1 1 1 1 1 1 1 2
2 31 2
2 1 1 1 1 1 1 1 1 1 1 1 1 1 1 1 2
2 31 2
2 1 1 1 1 1 1 1 1 1 1 1 1 1 1 1 2
2 31 2
2 1 1 1 1 1 1 1 1 1 1 1 1 1 1 1 2
2 31 2
2 1 1 1 1 1 1 1 1 1 1 1 1 1 1 1 2
2 31 2
2 1 1 1 1 1 1 1 1 1 1 1 1 1 1 1 2
2 31 2
2 1 1 1 1 1 1 1 1 1 1 1 1 1 1 1 2
2 31 2
2 1 1 1 1 1 1 1 1 1 1 1 1 1 1 1 2
2 31 2
2 1 1 1 1 1 1 1 1 1 1 1 1 1 1 1 2
2 31 2
2 2
2 5 2 2 3 2
2 5 2 2 2 2 2 1 2
2 2 2 2 2 2 2 4 2
2 2 2 5 5 2 2
2 2 2 5 5 4 2
2 5 1 2 2 2 1 2
2 5 1 2 2 3 2
2 1 2
2 2 2 2 2 2 2 2 2 2
40
2 2 2 2 2 2 2 2 2 2 2
---
2 2 2 2 2 2 2 2 2 2 2
40
2 2 2 2 2 2 2 2 2 2
2 2
2 7 2
2 21 7 2
2 1 1 1 1 1 1 1 1 1 1 1 2 2 2
2 1 1 1 1 1 1 1 1 1 1 1 7 2
2 1 1 1 1 1 1 1 1 1 1 1 7 2
2 24 3
2 1 1 1 1 1 1 1 1 1 1 1 1 2 2
2 24 2
2 1 1 1 1 1 1 1 1 1 1 1 1 5 2
2 24 5 2
2 1 1 1 1 1 1 1 1 1 1 1 1 2 2
2 24 6 2
2 1 1 1 1 1 1 1 1 1 1 1 1 6 2
2 24 2
2 1 1 1 1 1 1 1 1 1 1 1 1 5 2
2 24 5 2
2 1 1 1 1 1 1 1 1 1 1 1 1 2 2
2 24 6 2
2 1 1 1 1 1 1 1 1 1 1 1 1 6 2
2 24 2
2 1 1 1 1 1 1 1 1 1 1 1 1 1 1 2
2 24 5 2
2 1 1 1 1 1 1 1 1 1 1 1 1 7 2
2 24 1 1 1 1 2
2 1 1 1 1 1 1 1 1 1 1 1 1 1 1 2
2 24 1 1 2
2 1 1 1 1 1 1 1 1 1 1 1 1 2
2 24 2
2 1 1 1 1 1 1 1 1 1 1 1 1 2
2 24 2
2 1 1 1 1 1 1 1 1 1 1 1 1 2
2 24 2
2 2
2 2 2 2 2 2 2 2 2 2
40
2 2 2 2 2 2 2 2 2 2 2