# solver=1.6.0
# cpu=AMD EPYC 7H12 64-Core Processor
# isolated_core=5
# strategy=basic
# n_solutions=1
# solve_time=0.00070
1
1 4
1 2 4
1 1 2 1 2
1 1 2 1 3
1 1 2 1 1 4
1 1 1 1 1 2
1 1 1 1 1 1 3
1 1 1 1 1 1 1 2
4 1 5 1 1 1 1 1 1 1
1 1 1 3 4 1 1 1 1 1 1 1
6 1 1 8 1 1 1 1 4
9 1 1 1 1 1 1 1 1
2 5 13 1 1 1
2 5 2 2 1 1 1
2 2 2 1 1 1
1 2 1
1 1 1
1 1 1
1 1 1
1 2 1
1 1 1
1 1 1
1 1 1
1 1 1
---
0
3
3
2 2
2 2
3
6
1 3
1 3
8
1
5
3
2 3
4
3 1
1 1 1
3 1
3 1
5
2 3
3
1
1
0
25
0
15
2 5
1 3 5
1 3
2
9
1
2
9
1
2
8
1
2
7
1 1
2 1
17