# solver=1.6.0
# cpu=AMD EPYC 7H12 64-Core Processor
# isolated_core=5
# strategy=contra
# n_solutions=1
# solve_time=0.00070
3
4 8 1
4 4 6 2
3 3 4 3
6 1 2 2 3
2 2 4 2 2
2 6 3 1
2 2 2 1 2
2 1 2 1 2 1
2 3 2 1
3 2 1 1
5 2 3
6 1 2
4 2 3
2 2 3
3 1 2 2 1
3 1 2 1 1
5 3 2 2 2
3 2 1 1 2
3 3 1 2
4 3 2 2
4 2 1 2
4 1 3 2 3
5 3 7 4
5 6 3 5
---
0
3
5
5 1
3 6 2
11 2
2 2 3
2 2 4
1 2 4
2 2 3
2 2 2 3 1
1 2 1 3 1
1 2 2 3 1
1 2 2 2 2
2 2 5 3
2 3 8 2
2 1 1 8
1 1 2 5
1 2 1 2
2 1 3 2
1 2 1 2
1 3 2
2 9 1
2 5 2
2 3
3 4 1
3 2 3 2
3 3 3 3
3 1 4 8
3 19