# solver=1.6.0
# cpu=AMD EPYC 7H12 64-Core Processor
# isolated_core=5
# strategy=contra
# n_solutions=1
# solve_time=0.05040
14
2 2
2 2
2 2
2 2
2 3
2 5
2 4 2
2 4 2
1 1 1 4 1
1 1 1 4 1
1 1 1 4 1
1 1 1 4 1
1 1 1 22 1
1 1 1 4 7 1
2 2 4 7 1
1 1 1 4 7 1
1 3 4 7 1
1 22 1
1 4 1
1 4 1
2 4 2
2 4 2
2 4 2
6 2
4 2
2 2
2 2
2 2
14
---
14
2 1 2
2 2 1 2
2 2 1 1 2
2 1 2 1 1 2
2 2 4 3
2 1 1 1 5
2 1 1 4 2
2 1 1 4 2
1 1 1 4 1
1 1 5 1
1 1 4 1
1 1 4 1
1 1 4 1
1 1 4 1
1 6 1
1 4 1 1
1 4 1 1
1 4 1 1
1 4 1 1
1 5 1 1
2 4 6 2
2 4 6 2
2 4 6 2
6 6 2
4 6 2
2 6 2
2 6 2
2 2
14