# solver=1.6.0
# cpu=AMD EPYC 7H12 64-Core Processor
# isolated_core=5
# strategy=basic
# n_solutions=1
# solve_time=0.00030
28
28
2 2
2 2
2 2
2 2
2 2
2 2
2 2
2 2
2 2
2 2
2 2
40
40
2 2 2 2
2 2 2 2
2 2 2 2
2 2 2 2
2 2 2 2
2 2 2 2
2 2 2 2
2 2 2 2
2 2 2 2
2 2 2 2
40
40
40
40
40
2 5 5 2
2 5 5 2
2 5 5 2
2 5 5 2
2 5 5 2
2 5 5 2
2 5 5 2
2 5 5 2
2 5 5 2
2 5 5 2
---
27
27
2 5
2 5
2 5
2 15
40
40
2 2 15
2 2 15
2 2 5
2 2 5
2 2 5
2 2 5
2 2 5
2 2 5
2 2 5
2 2 5
2 2 5
2 2 5
2 2 5
2 2 5
2 2 5
2 2 5
2 2 5
2 2 5
2 2 5
2 2 5
2 2 5
2 2 5
2 2 15
2 2 15
40
40
2 15
2 5
2 5
2 5
27
27