# solver=1.6.0
# cpu=AMD EPYC 7H12 64-Core Processor
# isolated_core=5
# strategy=basic
# n_solutions=1
# solve_time=0.00020
1 3 5 3 5
5 3 5 3 1
7 7 2
7 7 2
7 7 2
5 3 5 3 1
1 3 5 3 5
2 7 7
2 7 7
2 7 7
1 3 5 3 5
5 3 5 3 1
7 7 2
7 7 2
7 7 2
5 3 5 3 1
1 3 5 3 5
2 7 7
2 7 7
2 7 7
1 3 5 3 5
5 3 5 3 1
7 7 2
7 7 2
7 7 2
5 3 5 3 1
3 5 3 5
---
1 3 5 3 5 3
5 3 5 3 5
7 7 7
7 7 7
7 7 7
5 3 5 3 5
1 3 5 3 5 3 1
2 7 7 2
2 7 7 2
2 7 7 2
1 3 5 3 5 3 1
5 3 5 3 5
7 7 7
7 7 7
7 7 7
5 3 5 3 5
1 3 5 3 5 3 1
2 7 7 2
2 7 7 2
2 7 7 2
1 3 5 3 5 3 1
5 3 5 3 5