# solver=1.6.0
# cpu=AMD EPYC 7H12 64-Core Processor
# isolated_core=5
# strategy=basic
# n_solutions=1
# solve_time=0.00050
30
18 8
2 2 2
2 2 2
2 2
2 3 3
2 2 4
2 2 2 4
2 3 2 3
2 3 2 3 2
2 9 2 2 2
2 8 2 2 2
2 4 4 3 3 2
2 2 3 3 2 2
2 3 2 3 2 2 2
2 2 3 2 3 2 2
2 2 2 2 2 3 2
2 2 3 3 2 2
2 3 3 4 4 2
2 2 2 8 2
2 2 2 9 2
2 3 2 3 2
3 2 3 2
4 2 2 2
4 2 2
3 3 2
2 2
2 2 2
8 2 18
8 18
---
22 2 3
22 3 3
2 3 2
2 3 2
2 5 3 2
2 11 2
2 4 4 2
2 3 2
2 3 2
2 2 5 4
2 3 14
2 3 9
2 4 2
2 5 3 2
2 3 3 4 2
2 4 4 3 2
2 3 5 2
2 4 2
1 9 3 2
1 14 3 2
1 4 5 2 2
1 2 3 2
2 3 2
2 4 4 2
2 11 2
2 3 5 2
2 3 2
2 3 2
4 3 21
4 2 21