# solver=1.6.0
# cpu=AMD EPYC 7H12 64-Core Processor
# isolated_core=5
# strategy=basic
# n_solutions=1
# solve_time=0.00050
2 2 2
2 2 3
2 2 2
3 2 3
3 2 3
2 2 3
4 2 3
6 2 5
5 2 2 2 4
3 2 2 2 2
1 2 2 2
2 2 2
1 2 2 2 1
2 2 2 2 2
2 2 2 2 3
3 2 2 2 3
3 2 2 2 2
2 2 2 5
8 2 7
8 2 7
4 2 4
2 3 2 6
2 4 2 2 2 2
2 2 2 2 2 2 2
2 2 2 2 2 2 2
1 2 2 5 2 1
2 6 2
20
30
5 4 5
---
3 2 2 2 2
2 3 2 2 2
3 3 2 2 2
2 5 2 2
3 6 2
2 3 2
24
25
2 2 2
3 2 2
4 2 2
2 2 2
4
4
30
30
5
2 4
3 2 2
3 2 2
2 2 2
3 2 2
2 2 2
24
23
2 5 2
2 5 2 2
2 6 2 2
2 3 2 2 2
2 3 2 2 2