# solver=1.6.0
# cpu=AMD EPYC 7H12 64-Core Processor
# isolated_core=5
# strategy=contra
# n_solutions=1
# solve_time=0.00250
1 1 5 1 5 1 5 1 5 1 5 1
1 1 5 1 5 1 5 1 5 1 5 1
1 1 5 1 5 1 5 1 5 1 5 1
1 1 5 1 5 1 5 1 5 1 5 1
1 1
1 1
1 1 1 1 1 1 1 1 1 1 1 1 1 1 1 1 1
1 1 1 1 1 1 1 1 1 1 1 1 1 1 1 1 1
1 1 1 2 1 1 2 1 1 1 1 1 1 1 1 1 1
1 1 1 1 1 2 1 2 1
1 3 3 5 1
1 2 2 1 1
1 3 1 1
1 5 1 1
1 3 3 1 1
1 1 1 1 1 1 1
1 1 1 2 1 1 2 1 1 1 1 1 1 1 1
1 1 1 1 1 1 1 1 1 1 1 1 1 1 1
1 1 1 1 1 1 1 1 1 1 1 1 1 1 1
1 1
1 1
1 1 5 1 5 1 5 1 5 1 5 1
1 1 5 1 5 1 5 1 5 1 5 1
1 1 5 1 5 1 5 1 5 1 5 1
1 1 5 1 5 1 5 1 5 1 5 1
---
17
4 4
3 3
4 4
3 3
4 4
4 4
4 3 3 4
4 3 3 4
4 2 2 4
13
4 2 4
13
4 2 2 4
4 3 3 4
4 3 3 4
4 4
4 4
3 3
4 4
3 3
4 4
4 4
4 4
4 4
4 4
3 3
4 4
3 3
4 4
4 4
4 4 4
4 2 4
4 1 4
13
4 1 4
2
4 4 4
4 4
4 4
4 3 3 4
4 4
3 3
4 4
17