# solver=1.6.0
# cpu=AMD EPYC 7H12 64-Core Processor
# isolated_core=5
# strategy=contra
# n_solutions=1
# solve_time=0.00050
3 3 3 3 6 3 3 3 3
1 3 3 3 3 4 3 3 3 3 1
2 2
2 3 2 2 1 1 2 2 2
1 1 1 1 1 1 2 2 1
1 3 2 2 1 1 2 2 1
2 1 1 1 1 1 2 2 2
2 3 1 1 1 1 2 2 2
1 1 1 1 1 1 2 2 1
1 3 1 1 1 1 2 2 2 1
1 1 1 1 1 1 2 2 2 1
1 3 1 1 1 1 2 2 2 1
2 1 1 1 1 1 2 2 2 2
2 3 2 2 1 1 2 2 2 2
1 1 3 1 1 2 2 2 1
1 3 1 1 1 2 2 2 1
2 2
2 2
1 3 3 3 3 4 3 3 3 3 1
3 3 3 3 6 3 3 3 3
---
3 3 2 3 3
1 3 3 3 3 1
2 2
2 2
1 1
1 13 1
2 1 1 1 1 1 1 1 2
2 1 1 1 1 1 1 1 2
1 1
1 1
2 1 1 2
2 11 2
1 2 1
1 2 1
2 2 2
2 11 2
1 1 1 1
1 1
2 2
2 13 2
2 2
2 13 2
1 1
1 1
2 1 1 1 2
2 2 3 2 2
1 2 2 2 2 1
1 1 3 1 3 1 1
2 2 1 3 1 2 2
2 2 2 2 2 2
1 3 1 3 1 1
1 1 2 1 2 1
2 2 2 2
2 3 2
1 1 1
1 1
2 2
2 2
1 3 3 3 3 1
3 3 2 3 3