# solver=1.6.0
# cpu=AMD EPYC 7H12 64-Core Processor
# isolated_core=5
# strategy=contra
# n_solutions=1
# solve_time=0.00030
1 14 1 14 1
16 16
1 1
1 1 1 1 1 1 1 1 1 1 1 2 2 1
1 2 1 2 1 1 1 1 1 1 1 3 3 1
1 5 1 1 1 3 3 1 1 1 1 1
1 1 1 1 1 1 1 1 2 2 1
1 1 1 1 1 1 1 1 3 3 1
1 1 1 1 1 1 1 1 1 1 1 1 1
1 2 2 1 1 1 1 1 1 1 1
1 4 3 1 1 1 1 1 1 1 1
1 2 3 1 1 1 1 1 1 1 1 1
1 5 1 1 1 1 1 1 1 1
1 2 2 1 1 1 1 1 1 1 1
1 2 2 1 1 1 2 2 1 1 1
1 2 2 1 1 1 3 3 1
1 1 1 1 1 1 1 1 1
1 1
16 16
1 14 1 14 1
---
1 16 1
1 1
2 2 2 2
2 2 2 2 2
2 2 2 3 2
2 9 2
2 3 2 2
2 9 2
2 2 2 3 2
2 2 2 2 2
2 2 2
2 2
2 14 2
2 2
2 14 2
2 2
1 14 1
1 1
1 3 1
2 10 2
2 3 2 2
2 2 2
2 3 2 2
2 10 2
2 3 2
2 2
2 2 2 2
2 2 2 2
2 13 2
2 2 2
2 13 2
2 2 2 2
2 2 2 2
1 1
1 16 1