# solver=1.6.0
# cpu=AMD EPYC 7H12 64-Core Processor
# isolated_core=5
# strategy=basic
# n_solutions=1
# solve_time=0.00040
6 8 8 7
4 2 4 2 4 2 5
6 8 8 7
3 6 6 6 3
3 3
1 2 2 1
1 2 2 1
1 1 3 3 3 1 1
1 1 1 1 1 1 1 1 1 1
1 2 3 3 3 2 1
1 2 1 1 1 2 1
3 3 3 3 3
3 5 5 5 3
3 1 1 1 1 1 1 1 1 1 3
1 2 1 1 1 2 1
1 2 2 1 2 2 1
1 1 2 1 2 1 1
1 1 9 1 1
1 2 2 1
1 2 2 1
3 3
3 6 6 6 3
7 8 8 6
5 2 4 2 4 2 4
7 8 8 6
---
7 7 7
5 2 3 2 5
7 7 7
3 6 6 3
1 2 3
1 2 2 1
1 1 2 1
1 1 1 1
1 2 1 1
1 2 2 2 1
3 3 2 2 1
3 1 7 3
3 3 2 2 3
3 2 2 3
1 2 1 3
1 2 2 1 2 1
1 1 3 2 1 2 1
1 1 1 9 1 1
1 2 3 2 1 1 1
1 2 2 1 2 1
3 1 2 1
3 2 2 3
3 3 2 2 3
3 1 7 3
1 2 3 2 3
1 2 2 2 1
1 1 2 1
1 1 1 1
1 2 1 1
1 2 2 1
3 2 1
3 6 6 3
7 7 7
5 2 3 2 5
7 7 7