# solver=1.6.0
# cpu=AMD EPYC 7H12 64-Core Processor
# isolated_core=5
# strategy=basic
# n_solutions=1
# solve_time=0.00050
7 1 9 1 9
1 2 2 2 2 1
1 5 1 9 1 7 1
1 1 1 1
1 1 1 1
1 1 1 1 1 1 1 1 1
1 1 1 1 1 1 1 1 1
1 1 5 2 1 1 2 1 1
1 1 2 1 2 1 1 1 1 1 1
1 1 1 3 3 1 1
1 9 2 2 1
1 1 1 1 1 1 13 1
1 1 3 1 1 3 1 1 1 1
1 1 1 1 1 5 1 1 1
1 2 2 2 2 1
1 1 1 1 3 3 1 1
1 1 2 2 1 1 1 1 1 1
1 1 1 1 2 1 1 2 1 1
1 1 2 2 1 1 1 1 1 1
1 1 1 1 2 1 1 2 1 1
1 1 1 1
1 1 1 1
1 5 1 9 1 7 1
1 2 2 2 2 1
7 1 9 1 9
---
10 1 10
1 2 2 1
1 8 1 8 1
1 1 1 1
1 1 1 1
1 1 2 2 1 1
1 1 1 1 3 1 1
1 2 2 3 1
1 1 1 3 1
1 1 8 1 1
1 1 1 3 1
1 2 2 3 1
1 1 1 1 3 1 1
1 1 2 2 1 1
1 1 1 1
1 1 1 1
1 1 1 1
1 1 3 1 1
1 1 1 1 1 1
1 1 3 3 3 1 1
1 1 3 1 3 1 1
1 3 3 1
1 15 1
1 1 3 1 1
1 15 1
1 3 3 1
1 1 3 1 3 1 1
1 1 3 3 3 1 1
1 1 1 1 1 1
1 1 3 1 1
1 1 1 1
1 1 1 1
1 8 1 8 1
1 2 2 1
10 1 10