# solver=1.6.0
# cpu=AMD EPYC 7H12 64-Core Processor
# isolated_core=5
# strategy=basic
# n_solutions=1
# solve_time=0.00030
3
4
4
4
2
5
9
9
2 9 2
40
40
2 11 2
40
2 3 9 2
40
2 2 8 2 2
2 2 8 4
40
2 2 2 2 2
2 5 2 2 2
2 5 2 3 2
2 5 1 1 2
2 5 2 2 2
2 5 2 2 2
3 3 3
---
2 1 1 1
2 1 1 1
2 1 1 1
2 1 1 1 1
17
17
2 1 1 1
2 1 1 1
2 1 1 1
2 1 1 1
2 1 1 1
2 1 1 1
2 1 1 1
2 1 1 1
2 1 1 1
2 1 1 1 5
2 1 1 1 6
2 1 1 8
2 1 1 9
2 6 5
7 1
6 1
7 10
15 2
3 13
18
18
4 13
16
15
9 1 4
2 4 1 2
2 1 4
2 1 1 2
17
17
2 1 1 1 1
2 1 1 1
2 1 1 1
2 1 1 1