# solver=1.6.0
# cpu=AMD EPYC 7H12 64-Core Processor
# isolated_core=5
# strategy=contra
# n_solutions=1
# solve_time=0.00100
1 1 1 1
2 2 2 2
2 2 2 2
2 3 3 2
2 3 3 2
2 2 2 2
1 3 3 1
1 3 3 1
2 3 3 2
2 2 1 1 2 2
3 2 2 2 2 3
3 2 2 2 2 3
2 5 6 5 2
3 16 3
3 8 3
24
3 12 3
16
3 10 3
3 12 3
3 2 8 2 3
3 2 8 2 3
3 3 6 3 3
2 2 6 2 2
2 3 6 3 2
1 3 4 3 1
2 3 4 3 2
2 2 2 2 2
2 3 3 2
1 2 2 1
2 2 2 2
2 2 2 2
2 2 2 2
3 2 2 3
3 2 2 3
3 1 1 3
2 2 2 2
1 1
---
13 10
5 8 4 3 4
2 2 4 3 3
2 4 2 3 3
12 2 3 3
9 4 1 3 4 2
2 1 2 7 2
2 3 4 8
2 5 3 4
9 3 2
16 3
17
16
16
17
16 3
9 3 2
2 5 3 4
2 3 4 8
2 1 2 7 2
9 4 1 3 4 2
12 2 3 3
2 4 2 3 3
2 2 4 3 3
5 8 4 3 4
13 10