# solver=1.6.0
# cpu=AMD EPYC 7H12 64-Core Processor
# isolated_core=5
# strategy=contra
# n_solutions=1
# solve_time=0.00860
9
15
19
7 7
5 5
4 4
3 9 3
3 15 3
3 17 3
3 5 5 3
3 4 4 4 4 3
3 3 5 5 3 3
3 3 5 5 3 3
3 3 5 5 3 3
3 3 2 2 3 3
3 3 1 1 3 3
3 3 3 3 3 3
3 3 4 4 3 3
3 3 3 1 3 3 3
3 3 2 3 2 3 3
3 3 1 5 1 3 3
3 3 1 9 1 3 3
3 3 13 3 3
3 3 11 3 3
3 4 9 4 3
3 5 5 3
3 17 3
3 15 3
3 9 3
3 4
5 5
7 7
19
15
9
---
9
15
19
7 7
5 5
4 4
3 9 3
3 15 2
3 17 3
3 5 5 3
3 4 9 4 3
3 3 3 4 1 3 3
3 3 3 3 2 3 3
3 3 4 1 4 3 3
3 3 4 4 3 3
3 3 3 5 3 3
3 3 2 6 3 3
3 3 7 3 3
3 3 2 6 3 3
3 3 3 5 3 3
3 3 4 4 3 3
3 3 4 1 4 3 3
3 3 3 3 2 3 3
3 3 3 4 1 3 3
3 4 9 4 3
3 5 5 3
3 17 3
3 15 3
3 9 3
4 4
5 5
7 7
19
15
9