# solver=1.6.0
# cpu=AMD EPYC 7H12 64-Core Processor
# isolated_core=5
# strategy=contra
# n_solutions=1
# solve_time=0.00050
9 9
7 7
5 2 2 5
4 3 3 4
3 2 1 1 2 3
2 2 2 2 2 2
2 2 2 2 2 2
1 2 2 2 2 2 1
1 1 3 1 1 3 1 1
1 1
1 1
1 1 3 1 1 3 1 1
1 2 2 2 2 2 1
2 2 2 2 2 2
2 2 2 2 2 2
3 2 1 1 2 3
4 3 3 4
5 2 2 5
7 7
9 9
---
9 9
7 7
5 2 2 5
4 3 3 4
3 2 1 1 2 3
2 2 2 2 2 2
2 2 2 2 2 2
1 2 2 2 2 2 1
1 1 3 1 1 3 1 1
1 1
1 1
1 1 3 1 1 3 1 1
1 2 2 2 2 2 1
2 2 2 2 2 2
2 2 2 2 2 2
3 2 1 1 2 3
4 3 3 4
5 2 2 5
7 7
9 9