# solver=1.6.0
# cpu=AMD EPYC 7H12 64-Core Processor
# isolated_core=5
# strategy=basic
# n_solutions=1
# solve_time=0.00010
20
1 1
1 16 1
1 1 1 1
1 1 12 1 1
1 1 1 1 1 1
1 1 1 8 1 1 1
1 1 1 1 1 1 1 1
1 1 1 1 4 1 1 1 1
1 1 1 1 1 1 1 1 1 1
1 1 1 1 1 1 1 1 1 1
1 1 1 1 4 1 1 1 1
1 1 1 1 1 1 1 1
1 1 1 8 1 1 1
1 1 1 1 1 1
1 1 12 1 1
1 1 1 1
1 16 1
1 1
20
---
20
1 1
1 16 1
1 1 1 1
1 1 12 1 1
1 1 1 1 1 1
1 1 1 8 1 1 1
1 1 1 1 1 1 1 1
1 1 1 1 4 1 1 1 1
1 1 1 1 1 1 1 1 1 1
1 1 1 1 1 1 1 1 1 1
1 1 1 1 4 1 1 1 1
1 1 1 1 1 1 1 1
1 1 1 8 1 1 1
1 1 1 1 1 1
1 1 12 1 1
1 1 1 1
1 16 1
1 1
20