# solver=1.6.0
# cpu=AMD EPYC 7H12 64-Core Processor
# isolated_core=5
# strategy=backtrack
# n_solutions=16
# solve_time=0.00170
2 3 2 3 2
2 1 1 2 1 1 2
2 1 4 1 2
3 1 2 1 3
1 1 1 2 1 1 1
1 2 4 2 1
1 5 2 5 1
1 1 2 1 1
1 1 4 1 1
20
20
1 1 4 1 1
1 1 2 1 1
1 5 2 5 1
1 2 4 2 1
1 1 1 2 1 1 1
3 1 2 1 3
2 1 4 1 2
2 1 1 2 1 1 2
2 3 2 3 2
---
2 3 2 3 2
2 1 1 2 1 1 2
2 1 4 1 2
3 1 2 1 3
1 1 1 2 1 1 1
1 2 4 2 1
1 5 2 5 1
1 1 2 1 1
1 1 4 1 1
20
20
1 1 4 1 1
1 1 2 1 1
1 5 2 5 1
1 2 4 2 1
1 1 1 2 1 1 1
3 1 2 1 3
2 1 4 1 2
2 1 1 2 1 1 2
2 3 2 3 2