# solver=1.6.0
# cpu=AMD EPYC 7H12 64-Core Processor
# isolated_core=5
# strategy=contra
# n_solutions=1
# solve_time=0.00080
5 1 1
1 1 1 1 1 1 1 1
2 2 1 1 1 1
1 1 1 1
16
1 2 1 1
1 2 2 2 1 1 1
1 2 2 2 1 1
1 2 1
1 5 5
1 6 5 1
1 1 2 2 1
1 2 2 2 1 1
1 2 2 2 1
1 1 2 1
1 1 16
1 1 1 1 1
1 1 1 1 1 2 2
2 1 1 1 1 1 1 1
1 1 1 5
---
5 1 1 1
1 1 1 1 1 1 1
2 2 1 1 1 1
1 1 1 1 1 1
16 1
1 2 1
1 1 2 2 2 1 1
1 1 1 2 2 2 2 1
1 1 2 1 1
5 5
5 5
1 1 2 1 1
1 2 2 2 2 1 1 1
1 1 2 2 2 1 1
1 2 1
16
1 1 1 1 1
1 1 1 1 1 2 2
1 1 1 1 1 1 1
1 5