# solver=1.6.0
# cpu=AMD EPYC 7H12 64-Core Processor
# isolated_core=5
# strategy=basic
# n_solutions=1
# solve_time=0.00010
2 4 7
1 3 4 6
5 2 2 5
2 2
1 1 2 1 1
1 5 1 1 5 1
1 1 1 4 1 1 1
1 1 1 1 1 1 1 1
1 1 1 1 4 1 1 1 1
1 1 1 1 1 1 1 1 1 1
1 1 1 1 1 1 1 1
1 1 1 1 4 1 1 1 1
1 1 1 1 1 1 1 1 1 1
1 1 1 1 1 1 1 1 1 1
1 1 1 4 1 1 1
1 1 1 1 1 1 1 1 1 1
1 1 1 1 1 1 1 1 1 1
1 1 1 1 4 1 1 1 1
1 1 1 1 1 1
1 16 1
---
3 16
1 1
1 15
3 1 1
3 1 3 3 3 1
2 1 1
1 17
2 1
2 2 10 1
1 1 1 1 1 1 1 1
1 1 1 1 1 1 1 1
2 2 10 1
2 1
1 17
2 1 1
3 1 3 3 3 1
3 1 1
3 15
3
3 16