# solver=1.6.0
# cpu=AMD EPYC 7H12 64-Core Processor
# isolated_core=5
# strategy=contra
# n_solutions=1
# solve_time=0.00060
2 2 2 2
2 1 1 2
1 2 2 2
4 2 3
3 2 1 1 2
3 1 2 2 1
2 2 2 2 2 2
2 1 2 3 1 1 2
2 1 1 1 1 1 1 1 1
2 1 1 2 1 1 1 1
2 1 1 6 1 1 1
2 2 1 1 2 1 1
2 1 2 2 1
2 3 2 2
3 3 1 1
1 2 5 2 1
3 2 1
9 1 1
3 8 2
3 3 1
---
14 1
12 1
4 2 1
2 6 1 2 1
1 3 3 2 1
2 2 3 1 2 1
3 1 2 1 1
1 2 1 2 1 1 1
1 2 4 1 1
2 2 1 1 2
2 1 1 2
2 1 1 2
2 2 4 1 2
1 2 1 2 1 1 1
1 1 3 2 2 1
3 1 1 3 3
2 1 4 2
1 2 1 1
4 3 2
8 2