# solver=1.6.0
# cpu=AMD EPYC 7H12 64-Core Processor
# isolated_core=5
# strategy=basic
# n_solutions=1
# solve_time=0.00010
9 10
1 1
1 7 8 1
1 1 1 1
1 1 5 6 1 1
1 1 1 1 1 1
1 1 1 3 4 1 1 1
1 1 1 1 1 1 1 1
1 1 1 1 1 2 1 1 1 1
1 1 1 1 1 1 1 1 1 1
0
1 1 1 1 2 1 1 1 1 1
1 1 1 1 1 1 1 1
1 1 1 4 3 1 1 1
1 1 1 1 1 1
1 1 6 5 1 1
1 1 1 1
1 8 7 1
1 1
10 9
---
10 9
1 1
1 8 7 1
1 1 1 1
1 1 6 5 1 1
1 1 1 1 1 1
1 1 1 4 3 1 1 1
1 1 1 1 1 1 1 1
1 1 1 1 2 1 1 1 1 1
1 1 1 1 1
1 1 1 1 1
1 1 1 1 2 1 1 1 1 1
1 1 1 1 1 1 1 1
1 1 1 4 3 1 1 1
1 1 1 1 1 1
1 1 6 5 1 1
1 1 1 1
1 8 7 1
1 1
10 9