# solver=1.1.0
# cpu=AMD EPYC 7H12 64-Core Processor
# isolated_core=5
# strategy=basic
# solve_time=0.00122
20
1
18 1
1 1 1
1 14 1 1
1 1 1 1 1
1 1 10 1 1 1
1 1 1 1 1 1 1
1 1 1 6 1 1 1 1
1 1 1 1 1 1 1 1 1
1 1 1 1 1 1 1 1 1 1
1 1 1 1 4 1 1 1 1
1 1 1 1 1 1 1 1
1 1 1 8 1 1 1
1 1 1 1 1 1
1 1 12 1 1
1 1 1 1
1 16 1
1 1
20
---
1 18
1 1 1
1 1 14 1
1 1 1 1 1
1 1 1 10 1 1
1 1 1 1 1 1 1
1 1 1 1 6 1 1 1
1 1 1 1 1 1 1 1 1
1 1 1 1 1 2 1 1 1 1
1 1 1 1 1 1 1 1 1 1
1 1 1 1 1 1 1 1 1 1
1 1 1 1 4 1 1 1 1
1 1 1 1 1 1 1 1
1 1 1 8 1 1 1
1 1 1 1 1 1
1 1 12 1 1
1 1 1 1
1 16 1
1 1
20